45
47
94
95
93
96
98
92
97
99
44
94
95
93
47
100
104
102
106
92
103
107
44
110
111
109
37
41
43
39
112
114
108
113
115
41
43
39
41
43
39
41
43
39
118
120
108
116
117
38
116
117
38
116
117
38
42
119
121
41
43
39
122
126
124
128
108
125
129
36
41
43
39
41
43
39
41
43
39
61
55
59
57
53
61
55
59
57
53
136
137
131
138
133
139
135
140
142
132
141
143
136
137
131
138
133
139
135
67
69
63
65
154
174
156
176
134
66
45
47
157
177
159
179
130
62
160
180
162
182
130
62
148
149
38
148
149
38
148
149
38
42
163
183
68
165
185
132
44
166
186
144
145
60
52
62
150
151
54
144
145
60
167
187
146
147
60
146
147
60
52
62
152
153
54
168
188
169
189
64
170
190
136
137
131
138
133
139
135
67
154
174
156
176
134
66
157
177
158
178
136
137
131
138
133
139
135
63
154
174
156
176
134
66
157
177
158
178
67
69
63
65
136
137
131
138
133
139
135
154
174
156
176
134
66
45
47
157
177
159
179
130
62
160
180
162
182
130
62
148
149
38
148
149
38
148
149
38
42
163
183
68
164
184
68
61
66
59
62
53
64
55
64
57
172
192
132
173
193
67
69
63
65
136
137
131
138
133
139
135
154
174
156
176
134
66
45
47
157
177
159
179
130
62
160
180
162
182
130
62
148
149
38
148
149
38
148
149
38
42
163
183
68
165
185
132
44
166
186
144
145
60
52
62
150
151
54
144
145
60
167
187
146
147
60
146
147
60
52
62
152
153
54
168
188
169
189
64
171
191
68
61
66
59
62
53
64
55
64
57
172
192
132
173
193
